0.03066,-0.0040814,0.006945,-0.001767
0.033806,-0.0039438,0.0072186,-0.0039269
0.034173,-0.0039943,0.0070956,-0.0012067
0.03216,-0.0039824,0.0066403,-0.0024323
0.025213,-0.0042893,0.0066428,-0.0014881
0.032026,-0.0039514,0.0066449,-0.0016442
0.033267,-0.0037014,0.0066106,-0.0016564
0.032648,-0.0041485,0.0066779,0.00074722
0.030291,-0.0031578,0.0040663,0.016098
0.035345,-0.0038838,0.0070193,6.3757e-05
0.033208,-0.004217,0.0071856,0.0056147
0.032671,-0.0041036,0.0069226,0.0014586
0.03274,-0.0041145,0.006857,0.0019997
0.031184,-0.0037697,0.0062041,0.0056473
0.060246,-0.0022953,0.0084752,-0.011611
0.034798,-0.0040077,0.0071444,-0.0018481
0.032117,-0.0040218,0.0067656,-0.00028495
0.033157,-0.0039113,0.0069565,-0.0033108
0.028127,-0.0040099,0.0063299,-0.00016767
0.031176,-0.0036249,0.0058444,-0.0014548
0.049439,-0.0028288,0.0078508,-0.0076331
0.032586,-0.004154,0.0071817,-0.0018997
0.033246,-0.0035605,0.0062205,-0.0011369
0.033024,-0.0034977,0.0058162,0.00022635
0.030216,-0.0040648,0.0068741,-0.0019734
0.039119,-0.0037051,0.0076125,-0.0047003
0.03356,-0.0039315,0.0070973,-0.001912
0.031658,-0.0039947,0.0067449,-0.0017341
0.028384,-0.0039896,0.0064404,0.001518
0.021198,-0.0042142,0.0058971,-0.0021325
0.026618,-0.0042586,0.0069526,-0.0056061
0.028422,-0.0040526,0.0067273,-0.002099
0.030633,-0.003889,0.0064998,0.00042168
0.028552,-0.00324,0.0036375,0.0054522
0.023131,-0.0038611,0.0064324,-0.0016849
0.036834,-0.0038812,0.0074313,-0.0036526
0.032091,-0.0032511,0.0048124,-0.0010551
0.033023,-0.0041555,0.007154,-0.0015113
0.032683,-0.0038601,0.0067797,-0.0013591
0.033154,-0.004103,0.0070958,-0.0009157
0.023439,-0.004296,0.0064846,-0.0048943
0.034615,-0.0040645,0.0073758,-0.0025702
0.02963,-0.0041716,0.0069326,-0.0018189
0.031343,-0.0039006,0.0065079,0.00026564
0.032647,-0.0040462,0.0068156,-0.0011548
0.033899,-0.0038135,0.0070434,-0.0025609
0.024712,-0.0042496,0.0062732,-0.0013431
0.030906,-0.003687,0.0060783,-0.0027589
0.032539,-0.0038464,0.0069796,-0.0034339
0.033504,-0.0041091,0.0073696,-0.0031394
0.0309,-0.0043473,0.0067142,0.0034897
-0.074576,-0.0087972,0.001847,-0.014744
-0.073806,-0.0067716,0.0024379,-0.047877
-0.073529,-0.0078256,0.0024575,-0.053516
-0.062332,-0.0076055,0.0030436,-0.056319
-0.081895,-0.0084391,0.0020989,-0.061362
-0.072504,-0.0084675,0.002107,-0.029859
-0.071204,-0.0094705,0.0029678,-0.11038
-0.070594,-0.0093178,0.0029206,-0.10083
-0.10216,-0.0096382,0.00073898,-0.04758
-0.12861,-0.0098805,-0.00084476,-0.033312
-0.10539,-0.0098541,0.000592,-0.054606
-0.097132,-0.0098705,0.0011388,-0.067342
-0.086716,-0.0094258,0.0016472,-0.06717
-0.079843,-0.0091153,0.0018252,-0.040895
-0.62059,-0.041074,-0.029611,0.14903
-0.019888,-0.0058386,0.0046796,-0.02341
-0.091164,-0.010013,0.00087898,-0.010123
-0.059948,-0.0085891,0.0021638,0.00087767
-0.095662,-0.0076208,0.00057482,-0.0019705
-0.065496,-0.0083443,0.0026207,-0.027311
-0.163,-0.015184,-0.0038197,0.044397
-0.22155,-0.018173,-0.0070095,0.052105
-0.16315,-0.014095,-0.0034251,0.028907
-0.17944,-0.015538,-0.0042922,0.037483
-0.015933,-0.0058002,0.0041653,-0.01295
-0.15211,-0.013387,-0.0025603,0.0011891
-0.081806,-0.0092397,0.0013755,-0.016458
-0.096357,-0.010156,0.00078074,-0.019757
-0.090195,-0.009705,0.0009287,-0.010446
-0.061577,-0.0035302,0.0028378,-0.042122
-0.018074,-0.0056078,0.0037245,-0.0008678
-0.0066474,-0.0054733,0.0044457,0.0049373
-0.052389,-0.003937,0.0031002,-0.05391
-0.048028,-0.0061427,0.0037923,-0.05553
-0.036019,-0.0055022,0.0037306,-0.024204
-0.035313,-0.005301,0.0044068,-0.057131
-0.08897,0.0059517,0.0018245,-0.035481
-0.083469,-0.0089772,0.0016773,-0.034112
-0.09102,-0.0097819,0.001139,-0.025472
-0.080061,-0.0091113,0.0018626,-0.035862
-0.069087,-0.0085044,0.0021312,-0.023649
-0.10022,-0.0072811,0.00083973,-0.033701
-0.096509,-0.0095885,0.0010318,-0.051104
-0.10158,-0.0093827,0.00063219,-0.027665
-0.080366,-0.0091246,0.0017412,-0.036026
-0.11473,-0.011736,-0.00074676,0.01039
-0.049484,-0.0057108,0.0032653,-0.013635
-0.004654,-0.0056454,0.0053354,-0.016617
0.0045793,-0.0047188,0.0059367,-0.026031
-0.027923,-0.0042019,0.0043017,-0.013452
-0.012525,-0.0062931,0.0046417,-0.0015459
0.023502,-0.004862,0.0067445,0.0036174
0.016322,-0.0047667,0.0047221,0.0079372
0.014937,-0.0058085,0.006708,0.010324
0.0020448,-0.0059742,0.005327,0.0092637
0.02,-0.0056636,0.0070139,0.011313
0.023476,-0.0053884,0.0069109,0.0097199
0.032025,-0.0036764,0.0066685,0.0018006
0.033713,-0.0038662,0.006887,-0.0025449
0.031177,-0.0034382,0.0048268,0.027907
0.032313,-0.0041462,0.0067465,0.068704
0.032555,-0.0042644,0.0069787,0.071059
0.032224,-0.0041447,0.0070202,0.073364
0.032173,-0.0042091,0.0068812,0.058544
0.028987,-0.0039083,0.0062714,0.0091188
0.040542,-0.0034095,0.0071817,-0.0047762
0.027703,-0.0033026,0.0042356,0.0013625
0.0324,-0.0045076,0.0070752,0.002597
0.018541,-0.0056983,0.006884,0.011502
0.029148,-0.003802,0.0061288,-0.00097248
0.032372,-0.0037285,0.006657,-0.004361
0.05798,-0.0022848,0.0082984,-0.010249
0.027397,-0.0040112,0.0059257,0.010342
0.026538,-0.0038967,0.005924,0.018908
0.030189,-0.0031539,0.0045089,0.0036822
0.020387,-0.0042293,0.0062577,-0.0044749
0.025706,-0.0049829,0.0069379,0.0059291
0.018002,-0.0056277,0.0068356,0.01082
0.01606,-0.0055702,0.0064061,0.010631
0.013543,-0.0052676,0.0065706,0.0073937
0.024159,-0.0044661,0.0062201,9.0036e-05
0.016665,-0.0054345,0.006091,0.0093789
0.021731,-0.0049622,0.006247,0.0073673
0.016798,-0.0055014,0.0058679,0.0039726
0.02355,-0.0044979,0.005494,0.0069603
0.020233,-0.0035855,0.0063204,-0.0020272
0.020025,-0.0050789,0.00619,0.0077388
-0.05244,0.99495,0.042184,0.004489
0.015987,-0.0057791,0.006878,0.010902
0.015716,-0.0055908,0.0065281,0.010058
0.017293,-0.0053411,0.0067059,0.0074783
0.021402,-0.0044964,0.0064331,-0.0039918
0.01547,-0.0055861,0.0063132,0.0092701
0.028528,-0.0042612,0.0069015,-0.0016894
0.039603,-0.0021385,0.0043457,-0.0050825
0.028843,-0.0040534,0.0067779,0.002136
0.028313,-0.0049249,0.0063872,0.0036145
0.022507,-0.0042204,0.0059634,-0.001299
0.036711,-0.0032003,0.0059866,-0.0036139
0.031992,-0.003783,0.0067601,-0.0023079
0.023501,-0.0047072,0.0064354,0.0036305
0.027836,-0.0043546,0.0066999,0.0074857
0.038155,-0.0037708,0.0073885,-0.0085519
0.016002,-0.0047811,0.0060187,-0.0076133
0.0070207,-0.0049844,0.0052532,-0.0086848
0.0079468,-0.0052834,0.0056638,-0.0077793
0.021368,-0.004353,0.0060346,-0.003501
0.021299,-0.0042824,0.0053017,-0.0056724
0.029819,-0.0034891,0.0047315,0.00089749
0.029936,-0.0029703,0.0032989,0.0010805
0.028399,-0.0001708,-0.0039716,0.0047055
0.046028,0.039087,-0.99474,-0.00077562
0.031059,0.0089458,-0.026762,0.0020961
0.029832,0.002578,-0.010951,0.0028468
0.030942,-0.00055078,-0.0026828,0.0038685
0.03053,-0.0030048,0.0039854,0.0045882
0.22614,0.007879,0.017835,-0.065613
0.020625,-0.0043235,0.0054792,-0.0011675
0.04588,-0.0036815,0.0078259,-0.0020967
0.12842,0.0016543,0.014137,-0.078016
0.024771,-0.0039853,0.0061589,-0.0065267
0.032457,-0.0025276,0.0031063,0.0020154
0.03597,-0.0027765,0.0062979,-0.011557
0.042924,-0.0024008,0.0058832,-0.0062075
0.028829,-0.0038155,0.0061341,0.012516
0.042584,-0.0025368,0.0058012,-0.0046399
0.03184,-0.0035329,0.0069203,-0.0077604
0.036127,-0.0036885,0.0070551,-0.0045926
0.031136,-0.0039197,0.0068493,-0.0042958
0.039623,-0.0036538,0.00729,-0.0050256
0.03467,-0.0032454,0.0058713,-0.0016598
0.037173,-0.0040096,0.0066987,0.0023319
-0.0069346,-0.0050046,0.0052731,-0.017331
-0.0032495,-0.0052263,0.0053948,-0.015201
0.027032,-0.0054496,0.0064053,0.0093643
0.018435,-0.0063589,0.0058111,0.026823
0.023263,-0.0041351,0.0065466,-0.0028963
0.004085,-0.0071802,0.0052317,0.034636
0.032482,-0.0066204,0.006732,0.0087505
0.030892,-0.0048925,0.0070904,0.0032267
0.032167,-0.0044744,0.0071532,1.5361e-05
0.03264,-0.0046232,0.0072397,0.00080817
0.018385,-0.0043345,0.0063239,-0.010036
0.029564,-0.0052724,0.007179,0.0073183
0.036147,0.0010923,-0.0050918,-0.0031601
0.030474,-0.0049513,0.0082877,0.92481
0.04407,-0.0031307,0.0075608,-0.0060158
0.026291,-0.004191,0.0061767,-0.00094071
0.022855,-0.0040797,0.0062974,-0.0043961
0.030077,-0.0037857,0.0065031,-0.0031304
0.024421,-0.0040918,0.0058834,0.0014307
0.028944,-0.0040205,0.0066652,-0.00081952
