4.0987,19.617,13.722,16.213,0.98567,14.174,4.2723,6.8313,0.97767,14.193,4.2898,6.8397
2.6044,20.126,13.907,18.114,1.1545,13.61,3.9541,6.9706,1.1606,13.631,3.9495,6.9883
2.0972,19.353,14.065,18.448,1.4137,12.827,4.1113,6.5979,1.4152,12.848,4.1209,6.6144
4.1165,19.707,13.705,13.371,1.8505,9.7418,4.8336,3.993,1.843,9.7617,4.8259,4.0014
2.6679,19.084,14.285,17.709,1.1781,12.845,4.5339,5.0466,1.191,12.866,4.5178,5.0671
2.6587,20.177,13.84,18.006,1.4117,13.659,3.875,7.1716,1.4003,13.679,3.8951,7.1888
2.0568,19.448,14.027,18.396,1.2399,12.791,4.0058,6.7338,1.2388,12.812,4.0198,6.7494
3.6429,19.717,13.546,13.214,1.8346,9.9794,5.0053,3.9506,1.8226,9.9998,4.9966,3.9605
4.0143,19.648,13.763,16.193,0.72324,14.203,4.2118,6.8907,0.71497,14.222,4.2223,6.9008
4.0401,18.637,13.962,16.876,0.92871,10.271,4.8036,4.4979,0.93757,10.29,4.792,4.5273
12.282,13.142,12.854,0.047898,0.35607,1.1132,0.75168,0.035475,0.3507,1.0963,0.73453,0.034578
4.1932,19.288,14.102,18.833,0.90524,12.019,4.9683,4.6018,0.91019,12.039,4.9684,4.6227
1.8797,18.812,14.891,18.432,1.3483,11.264,4.9651,3.791,1.3556,11.285,4.9735,3.8229
2.9861,19.809,14.302,19.931,1.1043,9.6923,4.9481,3.8895,1.0933,9.7132,4.9449,3.9021
2.7826,19.426,14.282,19.401,1.1866,11.51,4.8427,4.2748,1.2015,11.531,4.8508,4.2928
6.8509,17.541,13.851,7.6276,0.74293,13.674,4.348,7.6144,0.75638,13.688,4.3307,7.6491
8.4359,21.626,12.214,18.782,2.2266,9.4262,4.5557,3.5842,2.242,9.4052,4.559,3.5294
12.066,14.169,12.571,0.32457,0.052063,1.9521,0.71011,0.38226,0.049545,1.9311,0.69828,0.38018
9.3796,18.091,12.974,10.544,2.6501,5.8726,4.0247,1.3672,2.6711,5.8516,4.0245,1.3296
9.628,22.729,9.8185,22.366,2.2722,10.513,2.513,9.0228,2.2932,10.492,2.534,8.9225
9.871,20.611,11.833,12.155,0.18895,10.603,2.0177,13.642,0.18244,10.59,2.0385,13.554
12.382,13.486,12.8,0.082573,0.72243,1.7726,1.1531,0.049,0.71336,1.7586,1.143,0.047915
11.678,15.777,14.186,0.89904,1.1025,12.678,2.7866,10.282,1.0843,12.685,2.7665,10.346
9.2127,20.582,13.133,7.4013,0.86759,14.007,3.25,9.9497,0.86713,14.02,3.2425,9.9423
10.412,17.243,13.972,2.4877,0.97345,10.852,3.5657,6.4641,0.96353,10.856,3.5496,6.5018
9.9419,16.256,13.858,1.9291,1.0956,10.976,3.834,5.3673,1.0759,10.984,3.8282,5.4139
7.5755,19.47,14.076,11.362,0.83485,10.06,5.0323,3.9742,0.84934,10.053,5.0317,3.9396
9.6293,21.365,13.034,6.5003,1.0168,13.558,2.1254,14.829,1.0148,13.55,2.1132,14.827
8.6997,23.016,10.953,16.222,1.3102,10.878,3.5872,7.9575,1.3305,10.858,3.5956,7.8749
10.687,21.523,12.915,5.0946,0.78132,15.769,1.9897,13.784,0.78349,15.766,1.9905,13.778
4.5501,16.675,14.671,8.9487,1.0385,14.154,3.8683,7.418,1.0245,14.174,3.8501,7.4834
8.5148,15.598,14.394,2.9217,1.3715,14.634,2.9446,11.847,1.3543,14.647,2.9246,11.92
3.8438,16.813,14.633,9.6363,1.1734,10.777,4.0685,6.4512,1.1563,10.796,4.0486,6.5181
7.4985,15.725,14.628,3.8625,1.7636,15.825,2.9294,12.706,1.7434,15.844,2.9199,12.777
7.8401,16.275,14.452,4.0951,1.1031,15.109,3.3649,10.751,1.0856,15.124,3.3498,10.813
4.1996,16.881,14.42,8.8528,1.3044,13.844,4.0965,6.9899,1.2888,13.863,4.0803,7.0538
6.3524,17.252,14.511,6.8935,1.1796,19.178,3.5956,11.222,1.1618,19.195,3.575,11.28
3.5359,17.119,14.582,11.512,0.89451,10.93,4.2629,5.6271,0.88176,10.949,4.2424,5.6866
8.6325,15.543,14.351,2.6075,1.3296,16.237,2.8458,14.283,1.3124,16.252,2.8291,14.351
3.8334,16.954,14.499,10.662,1.0486,10.441,4.2455,6.0626,1.0341,10.461,4.2261,6.1257
3.5469,17.171,14.561,11.74,0.84276,10.391,4.3721,5.5619,0.8318,10.411,4.3513,5.6205
3.3862,17.337,14.478,12.182,0.66386,10.427,4.4148,5.7192,0.6566,10.447,4.3939,5.7766
3.4864,17.143,14.483,11.779,0.86211,10.301,4.3577,5.6404,0.85117,10.321,4.3379,5.6995
6.6529,17.029,14.445,6.3139,1.1177,19.241,3.522,11.148,1.101,19.262,3.5011,11.21
3.8842,17.212,15.007,12.538,1.974,10.708,4.1406,4.8411,1.9629,10.728,4.12,4.8969
3.7444,17.093,14.607,11.336,0.68253,10.769,4.3358,6.0634,0.67456,10.788,4.315,6.1238
4.934,16.945,14.62,9.8774,1.3269,11.848,4.1876,6.2473,1.3195,11.866,4.1792,6.3079
6.0772,17.345,13.813,6.6919,0.58614,17.307,3.317,5.3387,0.58954,17.327,3.3158,5.3682
4.4753,17.176,14.728,10.608,1.5221,14.512,4.4098,5.964,1.5045,14.532,4.4062,6.0173
6.9896,16.205,14.427,3.7906,1.5813,19.465,2.9219,14.044,1.5644,19.481,2.9035,14.112
8.0682,16.458,14.556,3.4229,1.8535,16.727,2.792,12.776,1.844,16.741,2.7728,12.844
4.3539,16.646,14.724,9.5447,1.678,14.16,3.8455,7.4951,1.6603,14.18,3.8249,7.5588
3.4668,17.635,14.469,12.329,0.65262,10.407,4.2461,5.5394,0.64771,10.427,4.2269,5.594
4.3069,16.564,14.884,9.7024,2.1721,16.055,4.0285,7.1665,2.1547,16.075,4.0109,7.222
3.3029,16.322,14.878,8.524,1.9913,13.969,3.5995,7.8106,1.9729,13.99,3.5813,7.8794
3.1637,17.342,14.506,9.9903,1.0083,14.48,3.9463,7.2044,0.99704,14.5,3.9262,7.2653
4.5209,16.943,14.536,9.9231,1.4673,12.289,4.0606,6.3444,1.449,12.308,4.042,6.4086
4.8988,16.191,14.641,6.0939,1.6385,14.726,3.5474,9.5364,1.6205,14.746,3.5276,9.6032
6.7382,16.528,14.784,6.9534,1.9931,11.991,3.9975,5.6274,1.9728,12.007,3.987,5.6824
5.3147,15.969,14.558,5.1604,1.3145,18.24,3.2083,11.899,1.2954,18.259,3.1881,11.97
4.0411,17.209,14.735,12.287,1.1178,9.6787,4.4157,4.5816,1.1,9.6987,4.3948,4.6383
3.4682,17.38,14.813,11.563,0.65184,11.353,4.0628,6.4611,0.65185,11.373,4.0424,6.5207
5.2887,16.386,14.721,6.9305,2.1172,15.739,3.785,7.6411,2.0974,15.758,3.7655,7.7008
5.4363,16.578,14.776,8.4155,2.1059,11.421,4.1504,5.21,2.0878,11.439,4.1368,5.2621
5.3921,16.899,14.853,8.5409,1.965,10.605,4.3971,3.8956,1.9461,10.623,4.3768,3.9432
6.9476,16.444,14.608,7.2781,2.8685,15.875,3.9587,6.8494,2.8577,15.894,3.9399,6.8991
3.4278,17.07,14.594,11.883,0.6657,10.484,4.3723,5.7762,0.66897,10.503,4.352,5.8317
3.4929,16.725,14.755,11.507,1.8177,10.875,4.2103,5.1274,1.8012,10.896,4.1894,5.1886
3.2806,17.187,14.53,11.941,0.95063,10.647,4.3481,5.6063,0.94058,10.667,4.3277,5.6651
5.6316,16.623,14.603,8.373,1.6269,14.247,3.9668,7.1179,1.611,14.265,3.9463,7.1751
3.7986,17.319,14.526,11.441,1.0457,12.068,4.4115,5.9492,1.0401,12.087,4.3948,6.0065
7.1579,16.238,14.408,5.2038,1.0585,17.543,3.4691,10.489,1.042,17.561,3.4608,10.555
3.7379,18.29,14.433,10.654,0.91745,10.602,4.1141,6.435,0.89877,10.623,4.0983,6.4957
4.1412,16.741,14.6,10.319,1.1221,12.447,4.1651,6.0177,1.1061,12.466,4.15,6.0799
3.7962,16.862,14.658,10.868,1.8459,11.702,4.2696,5.0054,1.8268,11.722,4.2486,5.0642
3.23,17.136,14.563,12.069,0.81928,10.319,4.3738,5.3052,0.80716,10.34,4.3592,5.3633
7.058,16.387,14.689,5.7055,2.0474,16.425,3.5824,8.4107,2.0275,16.444,3.5628,8.4733
6.1507,17.036,14.304,7.481,2.2516,15.097,4.2685,5.7478,2.2427,15.116,4.2505,5.7917
5.5551,15.737,14.689,5.5396,2.0703,15.678,3.1462,10.393,2.0504,15.696,3.1293,10.471
4.688,16.721,14.721,10.32,1.9434,11.475,3.868,6.7017,1.925,11.495,3.8492,6.7707
3.4565,17.025,14.608,11.005,0.73218,11.799,4.2777,6.2138,0.71777,11.818,4.2652,6.2758
6.307,16.706,14.366,6.8247,0.78267,13.936,3.7542,8.9461,0.77354,13.955,3.7351,9.0079
1.803,18.172,15.001,13.573,2.5771,11.049,4.1658,3.9784,2.5794,11.07,4.159,4.0218
7.149,18.267,14.168,8.7647,2.6732,7.6973,4.6841,1.1163,2.6576,7.6834,4.6745,1.1166
4.877,15.799,15.331,9.8202,1.9802,16.657,3.5608,8.0208,1.9728,16.678,3.5402,8.0879
5.3774,18.836,14.785,14.462,2.5727,8.0538,4.8446,1.3346,2.5615,8.0736,4.8251,1.3541
2.9881,17.949,14.406,12.608,1.4773,13.837,4.6511,5.2007,1.482,13.858,4.6373,5.2324
11.843,14.831,12.548,0.72013,0.85914,3.2585,1.3188,0.40504,0.85856,3.2438,1.3163,0.39821
11.085,15.518,12.978,0.99647,0.61767,4.4709,1.8369,1.078,0.62882,4.461,1.8242,1.071
7.0066,24.522,11.193,22.569,0.51169,12.372,3.7164,8.4919,0.5247,12.351,3.7346,8.4249
3.6462,18.418,14.113,22.549,0.38105,8.6391,5.5366,1.9518,0.37355,8.6601,5.5269,1.9684
1.1543,17.466,13.946,20.863,0.79383,11.925,4.5545,6.2877,0.79353,11.945,4.5337,6.302
12.575,13.285,12.852,0.018109,0.65624,2.2938,0.97646,0.25468,0.63712,2.2907,0.96199,0.26001
12.334,13.344,12.859,0.042106,0.69725,2.8187,1.1635,0.25103,0.68084,2.8165,1.1501,0.25422
12.305,13.256,12.842,0.026525,0.66183,1.9156,1.0337,0.11761,0.65092,1.9107,1.0184,0.11951
12.451,13.391,12.866,0.031385,0.64764,2.9999,1.0194,0.49113,0.63218,2.9992,1.0084,0.49892
12.549,13.341,12.812,0.014996,0.57896,2.4459,0.74799,0.22656,0.56001,2.4394,0.72992,0.23065
4.4313,17.654,14.182,8.5403,1.2353,15.364,3.9268,8.1829,1.2215,15.384,3.906,8.2286
12.382,13.502,12.849,0.046572,0.79602,2.7736,1.0774,0.37227,0.78435,2.7666,1.0647,0.37608
12.309,13.478,12.843,0.045049,0.39164,2.4559,1.1626,0.22649,0.38214,2.4473,1.156,0.22957
3.8852,24.843,12.53,15.82,1.4988,12.673,4.2236,5.6922,1.4975,12.652,4.2375,5.6845
12.399,13.554,12.859,0.06551,0.54751,3.7732,1.1409,0.56923,0.53414,3.7713,1.1258,0.57585
2.4994,16.397,15.619,18.404,2.3835,10.028,4.0084,3.1911,2.3843,10.049,3.9873,3.2391
8.4618,20.02,12.272,13.392,2.0425,7.8462,3.6143,1.8581,2.0357,7.8254,3.6335,1.8319
1.7739,16.357,15.318,15.471,2.3333,11.162,4.12,4.0845,2.3335,11.183,4.0989,4.14
12.574,13.202,12.83,0.017712,0.58069,3.3007,0.81151,0.33396,0.5615,3.3007,0.79867,0.33946
3.8529,16.797,14.623,7.7974,1.3375,16.263,3.4607,9.7592,1.323,16.283,3.4416,9.8255
2.6347,21.766,13.559,19.431,1.2648,10.725,4.6331,5.8803,1.2581,10.746,4.6374,5.8905
2.9234,19.518,13.22,19.438,0.91807,10.148,4.9999,4.4185,0.90846,10.169,4.9939,4.4275
9.6512,14.287,13.764,1.3921,1.5542,7.1172,1.7586,3.4136,1.5337,7.1285,1.743,3.4573
12.366,13.065,12.831,0.018232,0.62103,2.009,0.81622,0.091239,0.60491,2.0059,0.80146,0.093695
12.627,17.086,13.357,0.53408,0.99096,19.404,1.3127,14.281,0.97095,19.415,1.2935,14.33
10.057,14.171,13.935,1.1024,1.6777,14.838,1.8819,9.5922,1.6568,14.853,1.8647,9.657
11.604,13.905,13.554,0.2851,1.302,14.731,1.52,8.8537,1.2819,14.743,1.5012,8.9063
12.511,12.997,12.822,0.0075813,0.56365,1.9346,0.68901,0.096587,0.54374,1.9319,0.67086,0.09935
4.224,16.426,15.55,16.89,3.883,9.2797,4.1964,2.0722,3.8645,9.2994,4.1753,2.1184
11.173,14.541,14.454,1.1389,2.1819,14.044,2.2789,12.627,2.1617,14.056,2.2579,12.712
12.408,13.22,12.813,0.027803,0.46182,2.1862,0.81511,0.17647,0.44229,2.184,0.79892,0.17983
4.4273,15.507,15.411,8.6584,2.3133,14.539,3.2656,7.8604,2.2976,14.559,3.2446,7.9344
12.478,13.945,12.794,0.073157,0.51548,3.8184,1.0375,0.55149,0.49844,3.8121,1.0227,0.55742
12.504,13.171,12.833,0.019048,0.70814,1.5743,1.0381,0.041457,0.69495,1.5636,1.0239,0.041939
12.452,13.33,12.774,0.038327,0.546,1.7881,0.89125,0.16627,0.52902,1.7761,0.88098,0.16926
10.915,15.705,13.94,0.21844,1.5882,18.244,1.774,18.152,1.5677,18.259,1.753,18.235
12.542,13.229,12.811,0.022003,0.56352,1.7439,0.86944,0.10557,0.54519,1.7408,0.85537,0.10802
12.463,13.227,12.847,0.023356,0.64287,2.6203,1.0483,0.231,0.62599,2.6181,1.037,0.23448
12.533,13.063,12.834,0.0091214,0.56875,1.846,0.79012,0.07324,0.55155,1.8408,0.77251,0.075436
12.361,13.388,12.865,0.040529,0.49762,2.209,0.91601,0.14891,0.48794,2.2021,0.90227,0.15037
12.289,13.43,12.847,0.066156,0.40744,2.2643,1.0038,0.22918,0.39824,2.2634,0.98498,0.23261
12.363,13.501,12.838,0.059842,0.44983,1.8429,1.1235,0.14229,0.43223,1.8293,1.1124,0.14485
11.958,13.493,12.842,0.075972,0.48449,4.3925,1.0298,0.58109,0.46883,4.3957,1.0175,0.58668
10.941,15.048,14.053,0.42338,1.6384,17.718,1.8817,15.711,1.6199,17.731,1.861,15.795
3.4681,15.666,15.504,10.043,3.0291,12.061,3.4357,6.0836,3.0107,12.081,3.4147,6.155
10.674,16.279,14.433,1.3688,2.1035,19.744,2.2335,14.533,2.0832,19.759,2.2125,14.613
12.532,13.69,12.833,0.040791,0.5889,3.1274,0.79927,0.333,0.57016,3.1201,0.78301,0.33818
12.261,18.816,13.639,1.2464,1.3263,19.5,1.4843,17.946,1.3058,19.508,1.4642,18.017
12.342,13.978,12.819,0.082143,0.54339,3.21,1.3157,0.31939,0.53082,3.2004,1.3041,0.32339
3.2714,16.018,15.414,13.578,3.1639,8.9525,3.7902,2.6002,3.1538,8.9735,3.7692,2.6492
12.48,13.158,12.816,0.029601,0.58538,1.8814,1.0745,0.14724,0.5652,1.8762,1.0618,0.15101
12.479,13.412,12.839,0.041357,0.59098,2.7096,0.77824,0.48229,0.57054,2.7083,0.75981,0.49088
5.2906,16.378,14.905,11.373,2.0613,11.686,4.1411,5.1737,2.0656,11.705,4.1201,5.2198
12.425,13.304,12.791,0.032576,0.54844,1.9315,0.76776,0.19899,0.53162,1.922,0.75042,0.2024
12.545,13.036,12.821,0.011603,0.56464,1.872,0.75275,0.13919,0.54412,1.8684,0.73402,0.14337
12.258,15.686,13.051,0.25291,0.78112,11.974,0.88228,5.8462,0.76057,11.979,0.8615,5.878
12.568,12.957,12.821,0.0046551,0.5756,1.9111,0.67438,0.070586,0.55542,1.908,0.65578,0.072593
4.6016,20.726,13.517,12.177,1.2028,8.5546,4.0896,4.2403,1.1913,8.5338,4.0805,4.2532
12.29,13.574,12.838,0.05539,0.61992,1.9586,1.099,0.1626,0.59959,1.9559,1.0882,0.16587
2.5946,16.482,15.511,17.955,3.3971,9.7351,4.2479,2.9557,3.3861,9.7561,4.2269,3.0067
12.55,13.246,12.847,0.01771,0.62577,2.0552,0.92041,0.21518,0.6065,2.0515,0.90392,0.22074
12.581,13.035,12.856,0.012249,0.61261,2.0737,0.79639,0.2047,0.59224,2.0705,0.77874,0.21046
12.302,13.218,12.858,0.032514,0.55145,2.4724,0.91349,0.21497,0.53651,2.4704,0.8968,0.21978
11.86,14.322,14.205,0.45244,1.9225,17.383,2.0322,14.787,1.9017,17.397,2.0112,14.87
10.988,16.717,14.181,0.90415,1.7796,16.612,1.9865,16.182,1.7604,16.622,1.9657,16.266
12.175,20.003,12.344,3.4177,0.11303,11.963,0.265,10.939,0.098155,11.955,0.25583,10.95
4.8012,20.129,12.776,11.989,0.6184,13.056,3.7541,7.4466,0.60435,13.055,3.7562,7.4512
1.7259,17.698,14.062,7.5951,1.757,12.27,3.0498,8.0236,1.7436,12.291,3.0332,8.0926
12.25,13.909,12.833,0.081678,0.5721,2.4422,1.2446,0.21805,0.56023,2.43,1.2339,0.22196
12.503,13.258,12.86,0.02432,0.66938,2.8919,0.97951,0.44601,0.65173,2.8903,0.96339,0.45476
12.591,13.842,12.813,0.052094,0.49234,3.2398,0.8166,0.40669,0.47358,3.2314,0.80367,0.41106
12.164,13.386,12.827,0.063948,0.69006,1.8676,1.1842,0.079666,0.67329,1.8624,1.172,0.080839
3.7575,16.83,15.079,17.972,2.4359,9.126,4.6008,2.1573,2.4164,9.1466,4.5797,2.2009
12.406,13.4,12.791,0.026142,0.69356,1.6235,1.0589,0.039475,0.6803,1.6089,1.0476,0.040095
12.542,13.16,12.839,0.014052,0.60993,2.9124,0.74305,0.28963,0.59,2.9122,0.72477,0.29559
11.638,13.719,13.194,0.082452,0.8407,13.908,1.2391,6.9622,0.82318,13.92,1.2222,6.9952
8.4417,14.794,14.689,3.0686,2.1205,18.291,2.5083,12.154,2.1053,18.31,2.4875,12.234
12.365,13.342,12.85,0.048362,0.29838,1.8359,1.0508,0.16904,0.28706,1.8295,1.042,0.17222
3.5578,15.27,15.192,6.8766,2.2543,16.379,3.0272,10.201,2.2405,16.399,3.0063,10.279
5.4232,19.791,12.928,6.8034,0.70626,9.2605,0.70939,9.8781,0.68529,9.2762,0.68836,9.9461
5.4165,17.868,14.425,10.935,2.2007,7.7332,4.8918,3.3627,2.1797,7.7415,4.8739,3.3986
11.825,13.537,12.887,0.085186,1.125,1.8772,1.5138,0.021485,1.1278,1.8696,1.506,0.021246
12.066,14.24,12.939,0.19527,1.675,3.301,2.3932,0.073446,1.6756,3.2902,2.3893,0.072606
5.0863,19.279,14.47,9.6298,0.17408,11.557,3.0663,9.251,0.19481,11.571,3.0458,9.2299
7.6054,17.092,13.386,3.929,0.59218,5.6195,4.5365,1.7075,0.57131,5.6036,4.5359,1.7194
7.2431,21.463,11.475,15.195,0.7413,9.5584,4.5751,6.6439,0.76229,9.5386,4.5859,6.5718
12.774,12.799,12.799,9.7789e-07,0.5715,0.58015,0.58015,1.1654e-07,0.55112,0.55912,0.55912,9.9553e-08
7.6465,32.728,11.762,14.354,0.45471,20.627,0.72945,18.256,0.4757,20.606,0.73578,18.212
12.173,13.418,12.879,0.068162,1.1007,1.9737,1.5002,0.028823,1.0872,1.9629,1.4922,0.028625
12.138,13.697,12.86,0.073951,1.156,1.8581,1.5268,0.027762,1.1469,1.8479,1.5173,0.027671
6.382,17.104,13.771,6.4048,1.5175,6.0637,4.335,0.80978,1.4965,6.0704,4.325,0.81999
7.1093,21.376,13.317,10.186,1.0929,9.6673,1.9124,8.2186,1.072,9.6562,1.9255,8.2476
7.2631,18.328,14.037,8.3824,1.6916,6.655,4.2521,1.1657,1.6803,6.6402,4.2557,1.1657
9.9534,16.018,13.134,2.2687,0.77706,5.2636,3.607,0.65637,0.76852,5.2547,3.6058,0.6524
6.5802,17.812,14.877,12.03,2.614,6.6486,5.0466,1.8312,2.5934,6.6483,5.0512,1.8512
5.864,17.8,14.359,10.729,2.1097,6.7876,4.9046,1.6623,2.0889,6.7858,4.9007,1.6645
9.1715,19.041,12.705,7.9407,0.62124,7.6991,4.0249,4.6356,0.60024,7.6824,4.0298,4.5914
2.0097,19.319,15.154,11.333,0.30322,11.329,3.2588,11.171,0.32424,11.341,3.2378,11.173
12.268,13.514,12.853,0.07557,1.117,2.3241,1.5832,0.049862,1.1082,2.3195,1.5757,0.050042
12.296,13.422,12.901,0.041972,1.0336,2.2433,1.6007,0.049032,1.0253,2.2335,1.5976,0.049156
12.255,13.535,12.867,0.055099,1.0917,1.9907,1.5179,0.023819,1.0859,1.9778,1.5085,0.023691
8.9555,18.072,13.224,5.6389,0.62656,6.6487,4.0918,2.5783,0.64754,6.6368,4.0999,2.5457
8.7949,18.58,13.183,4.9163,0.41978,7.3221,3.9813,3.3181,0.42293,7.3054,3.9867,3.3059
12.07,13.612,12.863,0.095453,0.99445,2.1338,1.5763,0.048708,0.99322,2.1227,1.5663,0.047769
10.535,15.958,14.139,0.93712,1.8063,21.81,1.9525,17.87,1.7872,21.826,1.9316,17.952
5.1075,14.692,14.335,4.5102,1.9608,13.145,2.3183,7.2546,1.9405,13.164,2.2983,7.3184
5.1598,15.087,14.74,5.1358,2.2754,12.584,2.6431,7.4108,2.2603,12.603,2.623,7.4765
12.587,13.522,12.872,0.029789,0.69175,2.4376,0.95814,0.41085,0.67268,2.4281,0.94215,0.41891
1.0647,18.022,14.782,13.701,2.3355,11.276,3.8901,5.837,2.3169,11.297,3.8701,5.9068
4.7471,17.675,14.997,9.5831,1.4038,15.037,3.9109,7.1041,1.3858,15.056,3.8906,7.1442
3.1928,16.139,14.811,11.274,1.3315,12.166,3.8782,5.892,1.3223,12.186,3.8572,5.9491
12.232,13.387,12.86,0.041546,0.75193,2.9349,1.3136,0.20636,0.7439,2.9338,1.304,0.20839
12.582,13.007,12.845,0.0082228,0.61533,2.5747,0.75731,0.2561,0.59512,2.5727,0.74047,0.26201
6.0408,17.494,13.901,18.299,3.576,6.1952,5.307,0.21481,3.5743,6.2162,5.2942,0.22361
3.8735,15.964,15.41,10.949,3.1918,11.159,3.7358,4.215,3.1728,11.179,3.7151,4.2748
4.8823,15.491,14.935,7.9852,2.218,16.402,3.2501,9.2735,2.2013,16.423,3.229,9.3484
1.1379,15.872,14.908,11.715,1.5587,11.082,3.6239,5.0069,1.5691,11.103,3.6029,5.0658
12.278,13.568,12.806,0.058554,0.54159,3.1824,0.95889,0.32772,0.52999,3.1761,0.94056,0.33226
0.79246,16.015,15.603,14.997,2.7901,11.495,3.7783,5.0923,2.778,11.516,3.7573,5.1569
6.6062,17.694,14.155,20.358,5.3358,5.6202,5.4585,0.0037046,5.3194,5.6412,5.4535,0.0058647
5.8088,17.593,14.386,20.79,4.0315,6.4132,5.3563,0.28047,4.0271,6.4343,5.3356,0.28985
4.5707,17.579,14.409,19.747,2.9529,7.751,5.1578,1.027,2.9693,7.7719,5.1448,1.0432
6.4327,18.985,14.333,20.522,3.9939,6.7662,5.598,0.26183,3.9736,6.7452,5.6056,0.26261
4.3223,15.677,15.473,9.5542,2.4492,12.235,3.4368,6.4025,2.4342,12.254,3.4158,6.4744
3.9973,20.124,14.36,22.482,1.2768,8.2299,4.4944,4.393,1.265,8.2509,4.4851,4.4354
10.068,14.62,14.578,1.7733,2.0877,22.564,2.3766,16.818,2.0716,22.584,2.3556,16.898
12.334,15.493,14.061,0.23386,1.6843,15.022,1.8693,15.334,1.6658,15.031,1.8483,15.42
12.026,14.28,13.163,0.13015,0.85572,13.136,1.298,6.9262,0.8384,13.144,1.2835,6.9591
12.559,13.309,12.82,0.02262,0.54762,2.1279,0.75344,0.18735,0.52754,2.1187,0.73684,0.19169
11.851,14.605,13.269,0.14773,0.96185,12.848,1.307,7.2951,0.94336,12.855,1.2912,7.335
3.8523,16.186,15.54,13.589,2.748,10.532,3.9466,3.1725,2.7323,10.552,3.9256,3.2256
7.1949,14.642,14.562,1.8918,0.99052,17.477,2.405,14.333,0.97323,17.49,2.3839,14.419
12.288,13.411,12.858,0.057239,0.58507,2.1532,1.2043,0.13066,0.57033,2.1485,1.1926,0.13236
7.1342,15.043,14.904,3.4805,0.83356,16.022,2.8044,12.764,0.82347,16.035,2.7834,12.843
12.481,13.662,12.793,0.05712,0.61319,2.9636,0.96514,0.28474,0.59726,2.9555,0.94939,0.28798
10.23,14.583,14.175,0.75682,1.7114,23.129,2.0076,18.669,1.6964,23.149,1.9867,18.75
5.2349,17.257,13.637,4.1723,2.1699,8.5392,4.2481,1.2651,2.1653,8.5588,4.2385,1.2751
3.487,17.367,14.071,17.792,2.9431,9.0245,5.0608,1.1239,2.9638,9.0454,5.0405,1.1266
6.7118,14.429,13.952,3.2462,1.6513,9.4002,2.0701,5.0624,1.6318,9.4169,2.0499,5.1174
4.4478,21.93,12.718,11.833,1.603,9.8638,4.0267,4.2498,1.6059,9.8433,4.0127,4.2298
9.8822,13.761,13.486,0.73331,1.2622,9.8315,1.5971,3.3992,1.2417,9.8445,1.579,3.4323
12.507,13.359,12.803,0.036248,0.65398,1.9211,0.98088,0.10837,0.63634,1.9111,0.96589,0.10966
12.372,13.834,12.832,0.056477,0.67229,2.8649,0.98718,0.30243,0.65635,2.8548,0.97166,0.30614
12.232,13.456,12.813,0.063852,0.57198,1.789,0.97275,0.095771,0.56232,1.7753,0.96046,0.096182
10.501,14.286,14.236,0.71687,1.8194,23.584,2.0291,19.399,1.8024,23.604,2.0081,19.484
12.645,14.071,13.102,0.057346,0.78693,13.152,1.1645,6.3246,0.77057,13.161,1.1482,6.3508
12.463,13.335,12.871,0.026952,0.60457,2.6999,0.85697,0.41612,0.58626,2.6989,0.84007,0.4242
12.313,13.37,12.86,0.052913,0.4775,1.8228,1.0285,0.12249,0.4742,1.8116,1.0145,0.12323
9.8192,14.542,14.383,1.5181,1.9212,16.767,2.2224,14.201,1.9029,16.783,2.2014,14.287
11.531,14.293,14.046,0.48185,1.7294,16.09,1.93,14.141,1.7085,16.103,1.9093,14.222
12.504,13.484,12.822,0.027993,0.68278,1.8553,1.1563,0.094244,0.6696,1.8419,1.1468,0.095983
11.309,13.607,12.976,0.12225,0.76092,8.7968,1.0573,2.5666,0.74803,8.8057,1.0418,2.5841
11.235,16.839,13.914,0.96669,1.5794,17.083,1.7807,13.115,1.5588,17.092,1.7601,13.187
9.3119,18.921,13.613,10.805,2.744,6.7041,4.5594,1.7327,2.765,6.6831,4.5558,1.6924
12.493,20.54,13.093,2.4388,0.74686,18.506,0.91186,14.467,0.72644,18.511,0.89149,14.513
12.328,13.426,12.766,0.073722,0.46605,3.2619,0.95909,0.66379,0.4473,3.2621,0.94567,0.67143
12.538,13.138,12.818,0.017463,0.56256,2.5001,0.81812,0.22191,0.54216,2.4988,0.80384,0.22685
12.347,13.385,12.896,0.034181,0.72518,5.6733,1.1534,0.93033,0.71395,5.6758,1.1421,0.93659
12.73,14.564,13.159,0.091455,0.87143,11.832,1.2506,7.651,0.8578,11.838,1.2337,7.6857
12.569,13.401,12.847,0.028888,0.61493,2.1245,1.0689,0.2274,0.59546,2.1145,1.0582,0.23297
12.227,17.284,13.782,0.57376,1.4359,19.919,1.5949,20.011,1.4164,19.931,1.574,20.094
10.604,14.64,14.559,1.6765,2.3185,12.621,2.3797,11.062,2.2976,12.632,2.3587,11.147
12.608,13.244,12.828,0.011074,0.58963,2.2203,0.73762,0.1341,0.57085,2.2182,0.72118,0.13733
12.281,13.366,12.817,0.04168,0.57779,2.1979,1.1598,0.095241,0.56948,2.1955,1.1489,0.096723
12.076,13.531,12.86,0.083681,0.3831,2.3064,0.90643,0.2877,0.37982,2.3053,0.89151,0.29096
12.414,13.231,12.872,0.03109,0.448,1.8368,0.89568,0.12728,0.43442,1.8321,0.87797,0.1296
12.342,13.423,12.778,0.058074,0.48552,1.9745,1.0535,0.09429,0.47325,1.9635,1.0418,0.094916
